Linux 6.16.9-200.fc42.x86_64 (fedora) 	10/19/2025 	_x86_64_	(12 CPU)

01:32:05 PM  CPU    %usr   %nice    %sys %iowait    %irq   %soft  %steal  %guest  %gnice   %idle
01:32:06 PM  all   14.03    0.00    3.45    0.00    1.60    0.76    0.00    0.00    0.00   80.17
01:32:06 PM    0    6.25    0.00    2.08    0.00    0.00    2.08    0.00    0.00    0.00   89.58
01:32:06 PM    1   24.24    0.00    4.04    0.00    2.02    0.00    0.00    0.00    0.00   69.70
01:32:06 PM    2   18.37    0.00    4.08    0.00    2.04    1.02    0.00    0.00    0.00   74.49
01:32:06 PM    3    8.00    0.00    1.00    0.00    0.00    1.00    0.00    0.00    0.00   90.00
01:32:06 PM    4   15.15    0.00    4.04    0.00    1.01    0.00    0.00    0.00    0.00   79.80
01:32:06 PM    5   20.20    0.00    2.02    0.00    1.01    1.01    0.00    0.00    0.00   75.76
01:32:06 PM    6   14.29    0.00    3.06    0.00    1.02    1.02    0.00    0.00    0.00   80.61
01:32:06 PM    7   19.00    0.00    1.00    0.00    1.00    0.00    0.00    0.00    0.00   79.00
01:32:06 PM    8   14.71    0.00    6.86    0.00    0.98    0.00    0.00    0.00    0.00   77.45
01:32:06 PM    9   10.00    0.00    5.00    0.00    1.00    1.00    0.00    0.00    0.00   83.00
01:32:06 PM   10    7.14    0.00    4.08    0.00    6.12    1.02    0.00    0.00    0.00   81.63
01:32:06 PM   11   10.89    0.00    3.96    0.00    2.97    0.99    0.00    0.00    0.00   81.19

01:32:06 PM  CPU    %usr   %nice    %sys %iowait    %irq   %soft  %steal  %guest  %gnice   %idle
01:32:07 PM  all   13.58    0.00    3.23    0.00    1.44    0.68    0.00    0.00    0.00   81.07
01:32:07 PM    0    9.09    0.00    2.02    0.00    1.01    2.02    0.00    0.00    0.00   85.86
01:32:07 PM    1   17.53    0.00    2.06    0.00    1.03    1.03    0.00    0.00    0.00   78.35
01:32:07 PM    2   18.18    0.00    3.03    0.00    2.02    2.02    0.00    0.00    0.00   74.75
01:32:07 PM    3   14.43    0.00    2.06    0.00    0.00    0.00    0.00    0.00    0.00   83.51
01:32:07 PM    4   13.54    0.00    3.12    0.00    0.00    0.00    0.00    0.00    0.00   83.33
01:32:07 PM    5   21.78    0.00    3.96    0.00    0.99    0.99    0.00    0.00    0.00   72.28
01:32:07 PM    6   20.41    0.00    3.06    0.00    1.02    0.00    0.00    0.00    0.00   75.51
01:32:07 PM    7   17.17    0.00    4.04    0.00    0.00    1.01    0.00    0.00    0.00   77.78
01:32:07 PM    8   11.34    0.00    5.15    0.00    1.03    0.00    0.00    0.00    0.00   82.47
01:32:07 PM    9    7.14    0.00    4.08    0.00    1.02    0.00    0.00    0.00    0.00   87.76
01:32:07 PM   10    5.05    0.00    4.04    0.00    7.07    1.01    0.00    0.00    0.00   82.83
01:32:07 PM   11    7.14    0.00    2.04    0.00    2.04    0.00    0.00    0.00    0.00   88.78

01:32:07 PM  CPU    %usr   %nice    %sys %iowait    %irq   %soft  %steal  %guest  %gnice   %idle
01:32:08 PM  all   21.00    0.00    4.02    0.00    1.00    0.67    0.00    0.00    0.00   73.31
01:32:08 PM    0   20.00    0.00    6.00    0.00    1.00    1.00    0.00    0.00    0.00   72.00
01:32:08 PM    1   23.23    0.00    2.02    0.00    2.02    1.01    0.00    0.00    0.00   71.72
01:32:08 PM    2   15.15    0.00    3.03    0.00    2.02    1.01    0.00    0.00    0.00   78.79
01:32:08 PM    3   30.69    0.00    2.97    0.00    0.99    0.00    0.00    0.00    0.00   65.35
01:32:08 PM    4   22.00    0.00    3.00    0.00    1.00    1.00    0.00    0.00    0.00   73.00
01:32:08 PM    5   28.00    0.00    8.00    0.00    1.00    1.00    0.00    0.00    0.00   62.00
01:32:08 PM    6   20.00    0.00    4.00    0.00    1.00    0.00    0.00    0.00    0.00   75.00
01:32:08 PM    7   14.71    0.00    1.96    0.00    0.98    0.98    0.00    0.00    0.00   81.37
01:32:08 PM    8   19.00    0.00    6.00    0.00    1.00    1.00    0.00    0.00    0.00   73.00
01:32:08 PM    9   20.41    0.00    4.08    0.00    0.00    0.00    0.00    0.00    0.00   75.51
01:32:08 PM   10   18.75    0.00    3.12    0.00    0.00    1.04    0.00    0.00    0.00   77.08
01:32:08 PM   11   20.00    0.00    4.00    0.00    1.00    0.00    0.00    0.00    0.00   75.00

01:32:08 PM  CPU    %usr   %nice    %sys %iowait    %irq   %soft  %steal  %guest  %gnice   %idle
01:32:09 PM  all   25.48    0.00    7.45    0.00    0.69    0.35    0.00    0.00    0.00   66.03
01:32:09 PM    0   25.00    0.00    6.25    0.00    0.00    0.00    0.00    0.00    0.00   68.75
01:32:09 PM    1   22.45    0.00    6.12    0.00    0.00    0.00    0.00    0.00    0.00   71.43
01:32:09 PM    2   25.77    0.00    5.15    0.00    1.03    1.03    0.00    0.00    0.00   67.01
01:32:09 PM    3   54.64    0.00    5.15    0.00    0.00    0.00    0.00    0.00    0.00   40.21
01:32:09 PM    4   31.63    0.00    7.14    0.00    0.00    0.00    0.00    0.00    0.00   61.22
01:32:09 PM    5   35.05    0.00    8.25    0.00    0.00    0.00    0.00    0.00    0.00   56.70
01:32:09 PM    6   31.96    0.00    7.22    0.00    0.00    1.03    0.00    0.00    0.00   59.79
01:32:09 PM    7   26.88    0.00    9.68    0.00    0.00    0.00    0.00    0.00    0.00   63.44
01:32:09 PM    8   19.35    0.00    7.53    0.00    0.00    0.00    0.00    0.00    0.00   73.12
01:32:09 PM    9   11.58    0.00    9.47    0.00    1.05    0.00    0.00    0.00    0.00   77.89
01:32:09 PM   10    9.18    0.00   10.20    0.00    5.10    1.02    0.00    0.00    0.00   74.49
01:32:09 PM   11   11.58    0.00    7.37    0.00    1.05    1.05    0.00    0.00    0.00   78.95

01:32:09 PM  CPU    %usr   %nice    %sys %iowait    %irq   %soft  %steal  %guest  %gnice   %idle
01:32:10 PM  all   26.48    0.00    8.68    0.17    1.29    0.26    0.00    0.00    0.00   63.11
01:32:10 PM    0   20.62    0.00    6.19    0.00    1.03    0.00    0.00    0.00    0.00   72.16
01:32:10 PM    1   37.11    0.00    5.15    0.00    1.03    0.00    0.00    0.00    0.00   56.70
01:32:10 PM    2   11.22    0.00   11.22    1.02    2.04    1.02    0.00    0.00    0.00   73.47
01:32:10 PM    3   39.80    0.00    8.16    1.02    1.02    0.00    0.00    0.00    0.00   50.00
01:32:10 PM    4   43.88    0.00    8.16    0.00    0.00    0.00    0.00    0.00    0.00   47.96
01:32:10 PM    5   41.84    0.00    7.14    0.00    0.00    1.02    0.00    0.00    0.00   50.00
01:32:10 PM    6   16.67    0.00    5.21    0.00    0.00    0.00    0.00    0.00    0.00   78.12
01:32:10 PM    7   42.27    0.00   12.37    0.00    0.00    0.00    0.00    0.00    0.00   45.36
01:32:10 PM    8   19.59    0.00   11.34    0.00    1.03    0.00    0.00    0.00    0.00   68.04
01:32:10 PM    9   15.62    0.00   10.42    0.00    0.00    1.04    0.00    0.00    0.00   72.92
01:32:10 PM   10   15.31    0.00   10.20    0.00    7.14    0.00    0.00    0.00    0.00   67.35
01:32:10 PM   11   12.90    0.00    8.60    0.00    2.15    0.00    0.00    0.00    0.00   76.34

01:32:10 PM  CPU    %usr   %nice    %sys %iowait    %irq   %soft  %steal  %guest  %gnice   %idle
01:32:11 PM  all   10.99    0.00    2.94    0.00    0.92    0.42    0.00    0.00    0.00   84.73
01:32:11 PM    0   18.37    0.00    0.00    0.00    0.00    2.04    0.00    0.00    0.00   79.59
01:32:11 PM    1   30.30    0.00    1.01    0.00    0.00    1.01    0.00    0.00    0.00   67.68
01:32:11 PM    2   24.00    0.00    1.00    0.00    1.00    0.00    0.00    0.00    0.00   74.00
01:32:11 PM    3   11.00    0.00   13.00    0.00    0.00    1.00    0.00    0.00    0.00   75.00
01:32:11 PM    4   10.10    0.00    2.02    0.00    1.01    0.00    0.00    0.00    0.00   86.87
01:32:11 PM    5    2.02    0.00    1.01    0.00    0.00    0.00    0.00    0.00    0.00   96.97
01:32:11 PM    6   17.17    0.00    2.02    0.00    1.01    0.00    0.00    0.00    0.00   79.80
01:32:11 PM    7    0.00    0.00    7.00    0.00    1.00    0.00    0.00    0.00    0.00   92.00
01:32:11 PM    8    9.00    0.00    2.00    0.00    0.00    0.00    0.00    0.00    0.00   89.00
01:32:11 PM    9    5.05    0.00    3.03    0.00    0.00    0.00    0.00    0.00    0.00   91.92
01:32:11 PM   10    3.00    0.00    2.00    0.00    5.00    1.00    0.00    0.00    0.00   89.00
01:32:11 PM   11    2.02    0.00    1.01    0.00    2.02    0.00    0.00    0.00    0.00   94.95

01:32:11 PM  CPU    %usr   %nice    %sys %iowait    %irq   %soft  %steal  %guest  %gnice   %idle
01:32:12 PM  all   11.95    0.00    1.17    0.00    0.50    0.25    0.00    0.00    0.00   86.13
01:32:12 PM    0    5.94    0.00    0.99    0.00    0.99    0.99    0.00    0.00    0.00   91.09
01:32:12 PM    1    4.85    0.00    2.91    0.00    0.97    0.00    0.00    0.00    0.00   91.26
01:32:12 PM    2    6.12    0.00    1.02    0.00    1.02    1.02    0.00    0.00    0.00   90.82
01:32:12 PM    3    5.10    0.00    0.00    0.00    0.00    0.00    0.00    0.00    0.00   94.90
01:32:12 PM    4   19.00    0.00    1.00    0.00    0.00    0.00    0.00    0.00    0.00   80.00
01:32:12 PM    5   66.67    0.00    0.98    0.00    0.98    0.98    0.00    0.00    0.00   30.39
01:32:12 PM    6   18.18    0.00    1.01    0.00    0.00    0.00    0.00    0.00    0.00   80.81
01:32:12 PM    7    0.00    0.00    0.00    0.00    0.00    0.00    0.00    0.00    0.00  100.00
01:32:12 PM    8    6.06    0.00    2.02    0.00    1.01    0.00    0.00    0.00    0.00   90.91
01:32:12 PM    9    5.00    0.00    1.00    0.00    1.00    0.00    0.00    0.00    0.00   93.00
01:32:12 PM   10    3.06    0.00    2.04    0.00    0.00    0.00    0.00    0.00    0.00   94.90
01:32:12 PM   11    2.02    0.00    1.01    0.00    0.00    0.00    0.00    0.00    0.00   96.97

01:32:12 PM  CPU    %usr   %nice    %sys %iowait    %irq   %soft  %steal  %guest  %gnice   %idle
01:32:13 PM  all   13.38    0.00    1.51    0.00    0.59    0.42    0.00    0.00    0.00   84.11
01:32:13 PM    0    3.09    0.00    1.03    0.00    0.00    1.03    0.00    0.00    0.00   94.85
01:32:13 PM    1    6.86    0.00    2.94    0.00    0.98    0.98    0.00    0.00    0.00   88.24
01:32:13 PM    2   14.14    0.00    2.02    0.00    2.02    1.01    0.00    0.00    0.00   80.81
01:32:13 PM    3    7.07    0.00    2.02    0.00    0.00    0.00    0.00    0.00    0.00   90.91
01:32:13 PM    4    0.00    0.00    0.00    0.00    0.00    0.00    0.00    0.00    0.00  100.00
01:32:13 PM    5  100.00    0.00    0.00    0.00    0.00    0.00    0.00    0.00    0.00    0.00
01:32:13 PM    6    8.16    0.00    2.04    0.00    1.02    0.00    0.00    0.00    0.00   88.78
01:32:13 PM    7    4.04    0.00    1.01    0.00    0.00    0.00    0.00    0.00    0.00   94.95
01:32:13 PM    8    6.00    0.00    2.00    0.00    0.00    1.00    0.00    0.00    0.00   91.00
01:32:13 PM    9    4.95    0.00    1.98    0.00    0.00    0.00    0.00    0.00    0.00   93.07
01:32:13 PM   10    3.92    0.00    1.96    0.00    1.96    0.98    0.00    0.00    0.00   91.18
01:32:13 PM   11    3.00    0.00    1.00    0.00    1.00    0.00    0.00    0.00    0.00   95.00

01:32:13 PM  CPU    %usr   %nice    %sys %iowait    %irq   %soft  %steal  %guest  %gnice   %idle
01:32:14 PM  all   12.35    0.00    1.09    0.00    1.01    0.34    0.00    0.00    0.00   85.21
01:32:14 PM    0    4.00    0.00    1.00    0.00    1.00    2.00    0.00    0.00    0.00   92.00
01:32:14 PM    1    8.00    0.00    1.00    0.00    1.00    0.00    0.00    0.00    0.00   90.00
01:32:14 PM    2    5.05    0.00    2.02    0.00    1.01    1.01    0.00    0.00    0.00   90.91
01:32:14 PM    3    5.10    0.00    1.02    0.00    0.00    0.00    0.00    0.00    0.00   93.88
01:32:14 PM    4   63.00    0.00    0.00    0.00    0.00    0.00    0.00    0.00    0.00   37.00
01:32:14 PM    5   36.63    0.00    0.99    0.00    0.00    0.00    0.00    0.00    0.00   62.38
01:32:14 PM    6    7.22    0.00    1.03    0.00    1.03    0.00    0.00    0.00    0.00   90.72
01:32:14 PM    7    3.00    0.00    0.00    0.00    0.00    0.00    0.00    0.00    0.00   97.00
01:32:14 PM    8    4.04    0.00    2.02    0.00    1.01    0.00    0.00    0.00    0.00   92.93
01:32:14 PM    9    5.10    0.00    1.02    0.00    1.02    0.00    0.00    0.00    0.00   92.86
01:32:14 PM   10    4.04    0.00    1.01    0.00    5.05    1.01    0.00    0.00    0.00   88.89
01:32:14 PM   11    2.02    0.00    2.02    0.00    1.01    0.00    0.00    0.00    0.00   94.95

01:32:14 PM  CPU    %usr   %nice    %sys %iowait    %irq   %soft  %steal  %guest  %gnice   %idle
01:32:15 PM  all   11.31    0.00    0.92    0.00    1.09    0.25    0.00    0.00    0.00   86.43
01:32:15 PM    0    1.03    0.00    0.00    0.00    0.00    1.03    0.00    0.00    0.00   97.94
01:32:15 PM    1    6.06    0.00    2.02    0.00    0.00    0.00    0.00    0.00    0.00   91.92
01:32:15 PM    2    6.06    0.00    0.00    0.00    2.02    1.01    0.00    0.00    0.00   90.91
01:32:15 PM    3    5.88    0.00    0.98    0.00    0.98    0.00    0.00    0.00    0.00   92.16
01:32:15 PM    4   53.00    0.00    1.00    0.00    0.00    0.00    0.00    0.00    0.00   46.00
01:32:15 PM    5   45.45    0.00    0.00    0.00    0.00    0.00    0.00    0.00    0.00   54.55
01:32:15 PM    6    8.91    0.00    1.98    0.00    0.00    0.99    0.00    0.00    0.00   88.12
01:32:15 PM    7    0.00    0.00    0.00    0.00    0.00    0.00    0.00    0.00    0.00  100.00
01:32:15 PM    8    3.03    0.00    2.02    0.00    0.00    0.00    0.00    0.00    0.00   94.95
01:32:15 PM    9    2.02    0.00    0.00    0.00    0.00    0.00    0.00    0.00    0.00   97.98
01:32:15 PM   10    2.02    0.00    1.01    0.00    7.07    0.00    0.00    0.00    0.00   89.90
01:32:15 PM   11    2.00    0.00    2.00    0.00    3.00    0.00    0.00    0.00    0.00   93.00

01:32:15 PM  CPU    %usr   %nice    %sys %iowait    %irq   %soft  %steal  %guest  %gnice   %idle
01:32:16 PM  all   11.08    0.00    1.17    0.17    1.17    0.25    0.00    0.00    0.00   86.17
01:32:16 PM    0    1.98    0.00    0.99    0.00    0.00    1.98    0.00    0.00    0.00   95.05
01:32:16 PM    1   11.76    0.00    2.94    0.00    0.98    0.00    0.00    0.00    0.00   84.31
01:32:16 PM    2    5.10    0.00    1.02    0.00    2.04    0.00    0.00    0.00    0.00   91.84
01:32:16 PM    3    5.05    0.00    1.01    0.00    0.00    0.00    0.00    0.00    0.00   93.94
01:32:16 PM    4    0.00    0.00    0.00    0.00    0.00    0.00    0.00    0.00    0.00  100.00
01:32:16 PM    5   93.00    0.00    0.00    0.00    0.00    0.00    0.00    0.00    0.00    7.00
01:32:16 PM    6    6.06    0.00    1.01    1.01    0.00    0.00    0.00    0.00    0.00   91.92
01:32:16 PM    7    0.00    0.00    0.00    0.00    0.00    0.00    0.00    0.00    0.00  100.00
01:32:16 PM    8    4.95    0.00    1.98    0.00    0.00    0.00    0.00    0.00    0.00   93.07
01:32:16 PM    9    2.00    0.00    1.00    0.00    0.00    0.00    0.00    0.00    0.00   97.00
01:32:16 PM   10    1.98    0.00    1.98    0.99    7.92    0.00    0.00    0.00    0.00   87.13
01:32:16 PM   11    1.00    0.00    2.00    0.00    3.00    1.00    0.00    0.00    0.00   93.00

01:32:16 PM  CPU    %usr   %nice    %sys %iowait    %irq   %soft  %steal  %guest  %gnice   %idle
01:32:17 PM  all   11.23    0.00    0.83    0.00    1.33    0.50    0.00    0.00    0.00   86.11
01:32:17 PM    0    1.01    0.00    0.00    0.00    1.01    1.01    0.00    0.00    0.00   96.97
01:32:17 PM    1   14.85    0.00    0.99    0.00    0.00    0.99    0.00    0.00    0.00   83.17
01:32:17 PM    2    2.97    0.00    0.99    0.00    0.99    0.99    0.00    0.00    0.00   94.06
01:32:17 PM    3   12.00    0.00    1.00    0.00    0.00    0.00    0.00    0.00    0.00   87.00
01:32:17 PM    4    7.00    0.00    0.00    0.00    0.00    0.00    0.00    0.00    0.00   93.00
01:32:17 PM    5    1.98    0.00    0.99    0.00    0.99    0.99    0.00    0.00    0.00   95.05
01:32:17 PM    6   61.76    0.00    0.98    0.00    0.98    0.00    0.00    0.00    0.00   36.27
01:32:17 PM    7   22.77    0.00    0.00    0.00    0.00    0.99    0.00    0.00    0.00   76.24
01:32:17 PM    8    4.00    0.00    2.00    0.00    1.00    0.00    0.00    0.00    0.00   93.00
01:32:17 PM    9    2.02    0.00    1.01    0.00    0.00    0.00    0.00    0.00    0.00   96.97
01:32:17 PM   10    1.98    0.00    0.99    0.00    7.92    0.99    0.00    0.00    0.00   88.12
01:32:17 PM   11    1.03    0.00    1.03    0.00    3.09    0.00    0.00    0.00    0.00   94.85

01:32:17 PM  CPU    %usr   %nice    %sys %iowait    %irq   %soft  %steal  %guest  %gnice   %idle
01:32:18 PM  all   14.80    0.00    1.34    0.00    1.34    0.25    0.00    0.00    0.00   82.27
01:32:18 PM    0    8.08    0.00    1.01    0.00    0.00    1.01    0.00    0.00    0.00   89.90
01:32:18 PM    1    7.84    0.00    2.94    0.00    0.98    0.00    0.00    0.00    0.00   88.24
01:32:18 PM    2    4.04    0.00    1.01    0.00    2.02    1.01    0.00    0.00    0.00   91.92
01:32:18 PM    3    9.09    0.00    1.01    0.00    0.00    0.00    0.00    0.00    0.00   89.90
01:32:18 PM    4    7.00    0.00    2.00    0.00    1.00    0.00    0.00    0.00    0.00   90.00
01:32:18 PM    5    7.14    0.00    1.02    0.00    0.00    0.00    0.00    0.00    0.00   91.84
01:32:18 PM    6    4.04    0.00    0.00    0.00    0.00    0.00    0.00    0.00    0.00   95.96
01:32:18 PM    7  100.00    0.00    0.00    0.00    0.00    0.00    0.00    0.00    0.00    0.00
01:32:18 PM    8    9.09    0.00    1.01    0.00    0.00    0.00    0.00    0.00    0.00   89.90
01:32:18 PM    9    7.00    0.00    2.00    0.00    0.00    1.00    0.00    0.00    0.00   90.00
01:32:18 PM   10    7.00    0.00    1.00    0.00    9.00    0.00    0.00    0.00    0.00   83.00
01:32:18 PM   11    6.93    0.00    2.97    0.00    2.97    0.00    0.00    0.00    0.00   87.13

01:32:18 PM  CPU    %usr   %nice    %sys %iowait    %irq   %soft  %steal  %guest  %gnice   %idle
01:32:19 PM  all   11.54    0.00    1.25    0.00    1.34    0.25    0.00    0.00    0.00   85.62
01:32:19 PM    0    5.00    0.00    1.00    0.00    1.00    1.00    0.00    0.00    0.00   92.00
01:32:19 PM    1    5.05    0.00    2.02    0.00    0.00    0.00    0.00    0.00    0.00   92.93
01:32:19 PM    2    9.00    0.00    1.00    0.00    1.00    1.00    0.00    0.00    0.00   88.00
01:32:19 PM    3    4.04    0.00    0.00    0.00    0.00    0.00    0.00    0.00    0.00   95.96
01:32:19 PM    4    4.08    0.00    1.02    0.00    0.00    0.00    0.00    0.00    0.00   94.90
01:32:19 PM    5    3.96    0.00    0.99    0.00    0.99    0.99    0.00    0.00    0.00   93.07
01:32:19 PM    6    0.00    0.00    0.00    0.00    0.00    0.00    0.00    0.00    0.00  100.00
01:32:19 PM    7   96.04    0.00    2.97    0.00    0.99    0.00    0.00    0.00    0.00    0.00
01:32:19 PM    8    5.05    0.00    1.01    0.00    0.00    0.00    0.00    0.00    0.00   93.94
01:32:19 PM    9    2.00    0.00    1.00    0.00    1.00    0.00    0.00    0.00    0.00   96.00
01:32:19 PM   10    2.00    0.00    2.00    0.00    8.00    0.00    0.00    0.00    0.00   88.00
01:32:19 PM   11    1.01    0.00    2.02    0.00    3.03    0.00    0.00    0.00    0.00   93.94

01:32:19 PM  CPU    %usr   %nice    %sys %iowait    %irq   %soft  %steal  %guest  %gnice   %idle
01:32:20 PM  all   11.20    0.00    1.00    0.00    1.00    0.17    0.00    0.00    0.00   86.62
01:32:20 PM    0    4.04    0.00    1.01    0.00    0.00    1.01    0.00    0.00    0.00   93.94
01:32:20 PM    1    5.83    0.00    1.94    0.00    0.97    0.00    0.00    0.00    0.00   91.26
01:32:20 PM    2    4.08    0.00    1.02    0.00    2.04    0.00    0.00    0.00    0.00   92.86
01:32:20 PM    3    0.00    0.00    1.01    0.00    0.00    0.00    0.00    0.00    0.00   98.99
01:32:20 PM    4    4.04    0.00    0.00    0.00    1.01    0.00    0.00    0.00    0.00   94.95
01:32:20 PM    5    5.00    0.00    1.00    0.00    0.00    0.00    0.00    0.00    0.00   94.00
01:32:20 PM    6    0.00    0.00    0.00    0.00    0.00    0.00    0.00    0.00    0.00  100.00
01:32:20 PM    7  100.00    0.00    0.00    0.00    0.00    0.00    0.00    0.00    0.00    0.00
01:32:20 PM    8    3.00    0.00    2.00    0.00    1.00    0.00    0.00    0.00    0.00   94.00
01:32:20 PM    9    3.03    0.00    1.01    0.00    0.00    0.00    0.00    0.00    0.00   95.96
01:32:20 PM   10    3.00    0.00    1.00    0.00    5.00    1.00    0.00    0.00    0.00   90.00
01:32:20 PM   11    3.00    0.00    2.00    0.00    2.00    0.00    0.00    0.00    0.00   93.00

01:32:20 PM  CPU    %usr   %nice    %sys %iowait    %irq   %soft  %steal  %guest  %gnice   %idle
01:32:21 PM  all   10.64    0.00    0.59    0.34    0.34    0.42    0.00    0.00    0.00   87.69
01:32:21 PM    0    1.01    0.00    0.00    0.00    1.01    1.01    0.00    0.00    0.00   96.97
01:32:21 PM    1    6.00    0.00    2.00    2.00    0.00    1.00    0.00    0.00    0.00   89.00
01:32:21 PM    2    3.00    0.00    1.00    0.00    1.00    1.00    0.00    0.00    0.00   94.00
01:32:21 PM    3    2.00    0.00    1.00    0.00    0.00    0.00    0.00    0.00    0.00   97.00
01:32:21 PM    4    4.00    0.00    1.00    0.00    0.00    1.00    0.00    0.00    0.00   94.00
01:32:21 PM    5    3.03    0.00    0.00    0.00    0.00    0.00    0.00    0.00    0.00   96.97
01:32:21 PM    6   44.55    0.00    0.00    0.00    0.00    0.00    0.00    0.00    0.00   55.45
01:32:21 PM    7   56.00    0.00    0.00    0.00    0.00    0.00    0.00    0.00    0.00   44.00
01:32:21 PM    8    3.03    0.00    1.01    0.00    0.00    1.01    0.00    0.00    0.00   94.95
01:32:21 PM    9    2.04    0.00    0.00    0.00    0.00    0.00    0.00    0.00    0.00   97.96
01:32:21 PM   10    1.01    0.00    1.01    0.00    1.01    0.00    0.00    0.00    0.00   96.97
01:32:21 PM   11    1.01    0.00    0.00    2.02    1.01    0.00    0.00    0.00    0.00   95.96

01:32:21 PM  CPU    %usr   %nice    %sys %iowait    %irq   %soft  %steal  %guest  %gnice   %idle
01:32:22 PM  all   12.08    0.00    1.09    0.00    0.34    0.17    0.00    0.00    0.00   86.33
01:32:22 PM    0   15.31    0.00    1.02    0.00    0.00    1.02    0.00    0.00    0.00   82.65
01:32:22 PM    1    5.94    0.00    2.97    0.00    0.00    0.00    0.00    0.00    0.00   91.09
01:32:22 PM    2   14.14    0.00    0.00    0.00    2.02    1.01    0.00    0.00    0.00   82.83
01:32:22 PM    3   15.15    0.00    0.00    0.00    1.01    0.00    0.00    0.00    0.00   83.84
01:32:22 PM    4   10.20    0.00    1.02    0.00    0.00    0.00    0.00    0.00    0.00   88.78
01:32:22 PM    5    5.00    0.00    1.00    0.00    0.00    0.00    0.00    0.00    0.00   94.00
01:32:22 PM    6   65.31    0.00    0.00    0.00    0.00    0.00    0.00    0.00    0.00   34.69
01:32:22 PM    7    1.00    0.00    0.00    0.00    0.00    0.00    0.00    0.00    0.00   99.00
01:32:22 PM    8    5.00    0.00    2.00    0.00    1.00    0.00    0.00    0.00    0.00   92.00
01:32:22 PM    9    3.00    0.00    2.00    0.00    0.00    0.00    0.00    0.00    0.00   95.00
01:32:22 PM   10    2.02    0.00    1.01    0.00    0.00    0.00    0.00    0.00    0.00   96.97
01:32:22 PM   11    4.00    0.00    2.00    0.00    0.00    0.00    0.00    0.00    0.00   94.00

01:32:22 PM  CPU    %usr   %nice    %sys %iowait    %irq   %soft  %steal  %guest  %gnice   %idle
01:32:23 PM  all   10.98    0.00    0.75    0.00    0.42    0.42    0.00    0.00    0.00   87.43
01:32:23 PM    0    5.10    0.00    0.00    0.00    0.00    1.02    0.00    0.00    0.00   93.88
01:32:23 PM    1    3.96    0.00    1.98    0.00    0.99    0.00    0.00    0.00    0.00   93.07
01:32:23 PM    2    3.06    0.00    0.00    0.00    1.02    1.02    0.00    0.00    0.00   94.90
01:32:23 PM    3    5.05    0.00    1.01    0.00    0.00    0.00    0.00    0.00    0.00   93.94
01:32:23 PM    4    4.00    0.00    1.00    0.00    1.00    0.00    0.00    0.00    0.00   94.00
01:32:23 PM    5    1.98    0.00    0.99    0.00    0.99    0.99    0.00    0.00    0.00   95.05
01:32:23 PM    6   97.98    0.00    0.00    0.00    0.00    0.00    0.00    0.00    0.00    2.02
01:32:23 PM    7    0.00    0.00    0.00    0.00    0.00    0.00    0.00    0.00    0.00  100.00
01:32:23 PM    8    5.05    0.00    1.01    0.00    0.00    0.00    0.00    0.00    0.00   93.94
01:32:23 PM    9    2.02    0.00    1.01    0.00    1.01    0.00    0.00    0.00    0.00   95.96
01:32:23 PM   10    3.00    0.00    2.00    0.00    0.00    1.00    0.00    0.00    0.00   94.00
01:32:23 PM   11    1.01    0.00    0.00    0.00    0.00    1.01    0.00    0.00    0.00   97.98

01:32:23 PM  CPU    %usr   %nice    %sys %iowait    %irq   %soft  %steal  %guest  %gnice   %idle
01:32:24 PM  all   11.55    0.00    0.84    0.00    0.50    0.08    0.00    0.00    0.00   87.03
01:32:24 PM    0    3.03    0.00    0.00    0.00    1.01    1.01    0.00    0.00    0.00   94.95
01:32:24 PM    1    3.92    0.00    1.96    0.00    0.98    0.00    0.00    0.00    0.00   93.14
01:32:24 PM    2    2.00    0.00    1.00    0.00    2.00    0.00    0.00    0.00    0.00   95.00
01:32:24 PM    3   10.00    0.00    2.00    0.00    0.00    0.00    0.00    0.00    0.00   88.00
01:32:24 PM    4    4.08    0.00    0.00    0.00    0.00    0.00    0.00    0.00    0.00   95.92
01:32:24 PM    5    1.01    0.00    1.01    0.00    0.00    0.00    0.00    0.00    0.00   97.98
01:32:24 PM    6   99.01    0.00    0.00    0.00    0.99    0.00    0.00    0.00    0.00    0.00
01:32:24 PM    7    0.00    0.00    0.00    0.00    0.00    0.00    0.00    0.00    0.00  100.00
01:32:24 PM    8    6.06    0.00    1.01    0.00    0.00    0.00    0.00    0.00    0.00   92.93
01:32:24 PM    9    3.00    0.00    2.00    0.00    0.00    0.00    0.00    0.00    0.00   95.00
01:32:24 PM   10    2.04    0.00    0.00    0.00    1.02    0.00    0.00    0.00    0.00   96.94
01:32:24 PM   11    3.03    0.00    1.01    0.00    0.00    0.00    0.00    0.00    0.00   95.96

01:32:24 PM  CPU    %usr   %nice    %sys %iowait    %irq   %soft  %steal  %guest  %gnice   %idle
01:32:25 PM  all   10.73    0.00    1.00    0.00    0.42    0.42    0.00    0.00    0.00   87.44
01:32:25 PM    0    5.00    0.00    1.00    0.00    0.00    1.00    0.00    0.00    0.00   93.00
01:32:25 PM    1    2.88    0.00    3.85    0.00    0.00    0.96    0.00    0.00    0.00   92.31
01:32:25 PM    2    3.00    0.00    1.00    0.00    2.00    1.00    0.00    0.00    0.00   93.00
01:32:25 PM    3    5.05    0.00    0.00    0.00    0.00    0.00    0.00    0.00    0.00   94.95
01:32:25 PM    4    3.06    0.00    1.02    0.00    0.00    0.00    0.00    0.00    0.00   95.92
01:32:25 PM    5    0.00    0.00    0.99    0.00    0.00    0.99    0.00    0.00    0.00   98.02
01:32:25 PM    6  100.00    0.00    0.00    0.00    0.00    0.00    0.00    0.00    0.00    0.00
01:32:25 PM    7    0.00    0.00    0.00    0.00    0.00    0.00    0.00    0.00    0.00  100.00
01:32:25 PM    8    3.00    0.00    1.00    0.00    1.00    0.00    0.00    0.00    0.00   95.00
01:32:25 PM    9    3.03    0.00    1.01    0.00    1.01    0.00    0.00    0.00    0.00   94.95
01:32:25 PM   10    2.97    0.00    0.99    0.00    0.00    0.99    0.00    0.00    0.00   95.05
01:32:25 PM   11    1.00    0.00    1.00    0.00    1.00    0.00    0.00    0.00    0.00   97.00

01:32:25 PM  CPU    %usr   %nice    %sys %iowait    %irq   %soft  %steal  %guest  %gnice   %idle
01:32:26 PM  all   11.01    0.00    0.42    0.17    0.34    0.17    0.00    0.00    0.00   87.90
01:32:26 PM    0    5.05    0.00    0.00    0.00    1.01    1.01    0.00    0.00    0.00   92.93
01:32:26 PM    1    3.92    0.00    1.96    0.00    0.98    0.00    0.00    0.00    0.00   93.14
01:32:26 PM    2    5.05    0.00    0.00    0.00    1.01    1.01    0.00    0.00    0.00   92.93
01:32:26 PM    3    4.04    0.00    0.00    0.00    0.00    0.00    0.00    0.00    0.00   95.96
01:32:26 PM    4   15.00    0.00    1.00    0.00    0.00    0.00    0.00    0.00    0.00   84.00
01:32:26 PM    5    0.00    0.00    0.00    0.00    0.00    0.00    0.00    0.00    0.00  100.00
01:32:26 PM    6   90.00    0.00    0.00    0.00    0.00    0.00    0.00    0.00    0.00   10.00
01:32:26 PM    7    0.00    0.00    0.00    0.00    0.00    0.00    0.00    0.00    0.00  100.00
01:32:26 PM    8    3.03    0.00    1.01    0.00    0.00    0.00    0.00    0.00    0.00   95.96
01:32:26 PM    9    3.06    0.00    0.00    0.00    0.00    0.00    0.00    0.00    0.00   96.94
01:32:26 PM   10    1.02    0.00    1.02    2.04    1.02    0.00    0.00    0.00    0.00   94.90
01:32:26 PM   11    1.02    0.00    0.00    0.00    0.00    0.00    0.00    0.00    0.00   98.98

01:32:26 PM  CPU    %usr   %nice    %sys %iowait    %irq   %soft  %steal  %guest  %gnice   %idle
01:32:27 PM  all   11.63    0.00    1.26    0.00    1.42    0.33    0.00    0.00    0.00   85.36
01:32:27 PM    0    4.08    0.00    1.02    0.00    0.00    1.02    0.00    0.00    0.00   93.88
01:32:27 PM    1    2.04    0.00    0.00    0.00    1.02    0.00    0.00    0.00    0.00   96.94
01:32:27 PM    2    6.06    0.00    1.01    0.00    2.02    1.01    0.00    0.00    0.00   89.90
01:32:27 PM    3    4.04    0.00    1.01    0.00    0.00    0.00    0.00    0.00    0.00   94.95
01:32:27 PM    4   91.92    0.00    1.01    0.00    1.01    0.00    0.00    0.00    0.00    6.06
01:32:27 PM    5    0.00    0.00    0.00    0.00    1.00    0.00    0.00    0.00    0.00   99.00
01:32:27 PM    6   15.00    0.00    2.00    0.00    1.00    0.00    0.00    0.00    0.00   82.00
01:32:27 PM    7    0.99    0.00    0.00    0.00    0.00    0.00    0.00    0.00    0.00   99.01
01:32:27 PM    8    6.06    0.00    2.02    0.00    0.00    0.00    0.00    0.00    0.00   91.92
01:32:27 PM    9    4.00    0.00    2.00    0.00    0.00    1.00    0.00    0.00    0.00   93.00
01:32:27 PM   10    3.92    0.00    1.96    0.00    7.84    0.98    0.00    0.00    0.00   85.29
01:32:27 PM   11    2.00    0.00    3.00    0.00    3.00    0.00    0.00    0.00    0.00   92.00

01:32:27 PM  CPU    %usr   %nice    %sys %iowait    %irq   %soft  %steal  %guest  %gnice   %idle
01:32:28 PM  all   18.55    0.00   21.96    0.60    0.85    0.43    0.00    0.00    0.00   57.62
01:32:28 PM    0   11.34    0.00   17.53    1.03    1.03    1.03    0.00    0.00    0.00   68.04
01:32:28 PM    1   15.00    0.00   18.00    1.00    1.00    1.00    0.00    0.00    0.00   64.00
01:32:28 PM    2   15.62    0.00   19.79    1.04    1.04    0.00    0.00    0.00    0.00   62.50
01:32:28 PM    3   10.10    0.00   18.18    1.01    0.00    1.01    0.00    0.00    0.00   69.70
01:32:28 PM    4   13.40    0.00   22.68    0.00    0.00    0.00    0.00    0.00    0.00   63.92
01:32:28 PM    5   45.10    0.00   33.33    0.98    0.00    0.98    0.00    0.00    0.00   19.61
01:32:28 PM    6   12.50    0.00   23.96    0.00    0.00    0.00    0.00    0.00    0.00   63.54
01:32:28 PM    7   35.00    0.00   23.00    1.00    1.00    0.00    0.00    0.00    0.00   40.00
01:32:28 PM    8   16.16    0.00   20.20    0.00    1.01    1.01    0.00    0.00    0.00   61.62
01:32:28 PM    9   13.40    0.00   20.62    1.03    1.03    0.00    0.00    0.00    0.00   63.92
01:32:28 PM   10   13.54    0.00   27.08    0.00    3.12    0.00    0.00    0.00    0.00   56.25
01:32:28 PM   11   19.79    0.00   18.75    0.00    1.04    0.00    0.00    0.00    0.00   60.42

01:32:28 PM  CPU    %usr   %nice    %sys %iowait    %irq   %soft  %steal  %guest  %gnice   %idle
01:32:29 PM  all   26.57    0.00    7.23    0.00    1.13    0.26    0.00    0.00    0.00   64.81
01:32:29 PM    0   27.08    0.00    6.25    0.00    0.00    1.04    0.00    0.00    0.00   65.62
01:32:29 PM    1   14.74    0.00    6.32    0.00    0.00    0.00    0.00    0.00    0.00   78.95
01:32:29 PM    2   11.46    0.00    6.25    0.00    1.04    1.04    0.00    0.00    0.00   80.21
01:32:29 PM    3   27.84    0.00    8.25    0.00    1.03    0.00    0.00    0.00    0.00   62.89
01:32:29 PM    4   28.87    0.00    6.19    0.00    0.00    0.00    0.00    0.00    0.00   64.95
01:32:29 PM    5   44.33    0.00   10.31    0.00    0.00    0.00    0.00    0.00    0.00   45.36
01:32:29 PM    6    9.38    0.00    5.21    0.00    0.00    0.00    0.00    0.00    0.00   85.42
01:32:29 PM    7   78.57    0.00    7.14    0.00    0.00    0.00    0.00    0.00    0.00   14.29
01:32:29 PM    8   22.11    0.00    8.42    0.00    0.00    0.00    0.00    0.00    0.00   69.47
01:32:29 PM    9   18.48    0.00    7.61    0.00    1.09    0.00    0.00    0.00    0.00   72.83
01:32:29 PM   10   16.84    0.00    7.37    0.00    7.37    1.05    0.00    0.00    0.00   67.37
01:32:29 PM   11   17.02    0.00    7.45    0.00    3.19    0.00    0.00    0.00    0.00   72.34

01:32:29 PM  CPU    %usr   %nice    %sys %iowait    %irq   %soft  %steal  %guest  %gnice   %idle
01:32:30 PM  all   25.82    0.00   17.88    0.43    1.55    0.52    0.00    0.00    0.00   53.80
01:32:30 PM    0   20.00    0.00   17.89    0.00    1.05    0.00    0.00    0.00    0.00   61.05
01:32:30 PM    1   20.62    0.00   15.46    0.00    1.03    0.00    0.00    0.00    0.00   62.89
01:32:30 PM    2   11.34    0.00   16.49    1.03    1.03    1.03    0.00    0.00    0.00   69.07
01:32:30 PM    3   49.48    0.00   18.56    0.00    0.00    0.00    0.00    0.00    0.00   31.96
01:32:30 PM    4   47.92    0.00    9.38    0.00    1.04    0.00    0.00    0.00    0.00   41.67
01:32:30 PM    5    7.29    0.00   16.67    0.00    1.04    1.04    0.00    0.00    0.00   73.96
01:32:30 PM    6   11.34    0.00   16.49    1.03    1.03    1.03    0.00    0.00    0.00   69.07
01:32:30 PM    7   66.67    0.00   20.20    2.02    0.00    1.01    0.00    0.00    0.00   10.10
01:32:30 PM    8   27.84    0.00   16.49    1.03    1.03    0.00    0.00    0.00    0.00   53.61
01:32:30 PM    9   15.96    0.00   23.40    0.00    0.00    0.00    0.00    0.00    0.00   60.64
01:32:30 PM   10   14.58    0.00   21.88    0.00    8.33    1.04    0.00    0.00    0.00   54.17
01:32:30 PM   11   15.46    0.00   21.65    0.00    3.09    1.03    0.00    0.00    0.00   58.76

01:32:30 PM  CPU    %usr   %nice    %sys %iowait    %irq   %soft  %steal  %guest  %gnice   %idle
01:32:31 PM  all   26.92    0.00    5.62    0.00    1.79    0.26    0.00    0.00    0.00   65.42
01:32:31 PM    0   22.22    0.00    7.07    0.00    0.00    1.01    0.00    0.00    0.00   69.70
01:32:31 PM    1   38.38    0.00    8.08    0.00    2.02    0.00    0.00    0.00    0.00   51.52
01:32:31 PM    2   29.90    0.00    3.09    0.00    1.03    1.03    0.00    0.00    0.00   64.95
01:32:31 PM    3   23.71    0.00    3.09    0.00    1.03    0.00    0.00    0.00    0.00   72.16
01:32:31 PM    4   25.25    0.00    5.05    0.00    1.01    1.01    0.00    0.00    0.00   67.68
01:32:31 PM    5   21.00    0.00    4.00    0.00    1.00    0.00    0.00    0.00    0.00   74.00
01:32:31 PM    6   21.88    0.00    4.17    0.00    1.04    0.00    0.00    0.00    0.00   72.92
01:32:31 PM    7   50.51    0.00    3.03    0.00    1.01    0.00    0.00    0.00    0.00   45.45
01:32:31 PM    8   26.04    0.00    5.21    0.00    1.04    0.00    0.00    0.00    0.00   67.71
01:32:31 PM    9   26.53    0.00    7.14    0.00    1.02    0.00    0.00    0.00    0.00   65.31
01:32:31 PM   10   18.56    0.00    9.28    0.00    8.25    0.00    0.00    0.00    0.00   63.92
01:32:31 PM   11   18.56    0.00    8.25    0.00    3.09    0.00    0.00    0.00    0.00   70.10

01:32:31 PM  CPU    %usr   %nice    %sys %iowait    %irq   %soft  %steal  %guest  %gnice   %idle
01:32:32 PM  all   12.81    0.00    3.31    0.00    0.85    0.68    0.00    0.00    0.00   82.36
01:32:32 PM    0   13.40    0.00    3.09    0.00    1.03    1.03    0.00    0.00    0.00   81.44
01:32:32 PM    1   11.11    0.00    3.03    0.00    1.01    1.01    0.00    0.00    0.00   83.84
01:32:32 PM    2   10.20    0.00    3.06    0.00    2.04    1.02    0.00    0.00    0.00   83.67
01:32:32 PM    3   13.27    0.00    3.06    0.00    0.00    0.00    0.00    0.00    0.00   83.67
01:32:32 PM    4   11.34    0.00    4.12    0.00    0.00    0.00    0.00    0.00    0.00   84.54
01:32:32 PM    5   19.19    0.00    3.03    0.00    1.01    1.01    0.00    0.00    0.00   75.76
01:32:32 PM    6   11.34    0.00    3.09    0.00    0.00    0.00    0.00    0.00    0.00   85.57
01:32:32 PM    7   28.28    0.00    3.03    0.00    0.00    1.01    0.00    0.00    0.00   67.68
01:32:32 PM    8   10.10    0.00    4.04    0.00    1.01    1.01    0.00    0.00    0.00   83.84
01:32:32 PM    9   10.00    0.00    5.00    0.00    1.00    1.00    0.00    0.00    0.00   83.00
01:32:32 PM   10    7.14    0.00    3.06    0.00    2.04    1.02    0.00    0.00    0.00   86.73
01:32:32 PM   11    8.16    0.00    2.04    0.00    1.02    0.00    0.00    0.00    0.00   88.78

Average:     CPU    %usr   %nice    %sys %iowait    %irq   %soft  %steal  %guest  %gnice   %idle
Average:     all   15.11    0.00    3.73    0.07    0.97    0.37    0.00    0.00    0.00   79.75
Average:       0    9.80    0.00    3.09    0.04    0.49    1.09    0.00    0.00    0.00   85.49
Average:       1   13.01    0.00    3.89    0.11    0.78    0.33    0.00    0.00    0.00   81.88
Average:       2   10.48    0.00    3.31    0.11    1.54    0.86    0.00    0.00    0.00   83.69
Average:       3   14.05    0.00    3.56    0.07    0.22    0.11    0.00    0.00    0.00   81.98
Average:       4   20.45    0.00    3.15    0.00    0.34    0.11    0.00    0.00    0.00   75.95
Average:       5   24.34    0.00    3.98    0.04    0.41    0.45    0.00    0.00    0.00   70.79
Average:       6   30.33    0.00    3.19    0.08    0.41    0.15    0.00    0.00    0.00   65.84
Average:       7   28.17    0.00    3.54    0.11    0.22    0.19    0.00    0.00    0.00   67.77
Average:       8    9.98    0.00    4.35    0.04    0.53    0.19    0.00    0.00    0.00   84.92
Average:       9    7.60    0.00    4.29    0.04    0.45    0.19    0.00    0.00    0.00   87.43
Average:      10    6.37    0.00    4.50    0.11    4.54    0.56    0.00    0.00    0.00   83.92
Average:      11    6.55    0.00    3.95    0.08    1.73    0.19    0.00    0.00    0.00   87.51
