Linux 6.16.9-200.fc42.x86_64 (fedora) 	10/19/2025 	_x86_64_	(12 CPU)

01:39:04 PM  CPU    %usr   %nice    %sys %iowait    %irq   %soft  %steal  %guest  %gnice   %idle
01:39:05 PM  all   11.92    0.00    2.87    0.08    1.27    0.51    0.00    0.00    0.00   83.35
01:39:05 PM    0    7.14    0.00    2.04    0.00    1.02    2.04    0.00    0.00    0.00   87.76
01:39:05 PM    1   19.80    0.00    3.96    0.00    1.98    0.00    0.00    0.00    0.00   74.26
01:39:05 PM    2   10.31    0.00    2.06    0.00    2.06    2.06    0.00    0.00    0.00   83.51
01:39:05 PM    3   14.43    0.00    2.06    0.00    0.00    0.00    0.00    0.00    0.00   83.51
01:39:05 PM    4   15.31    0.00    4.08    0.00    1.02    0.00    0.00    0.00    0.00   79.59
01:39:05 PM    5   13.00    0.00    1.00    0.00    0.00    1.00    0.00    0.00    0.00   85.00
01:39:05 PM    6   22.00    0.00    4.00    0.00    0.00    0.00    0.00    0.00    0.00   74.00
01:39:05 PM    7    9.00    0.00    1.00    0.00    0.00    0.00    0.00    0.00    0.00   90.00
01:39:05 PM    8   10.10    0.00    5.05    1.01    1.01    0.00    0.00    0.00    0.00   82.83
01:39:05 PM    9   10.31    0.00    4.12    0.00    0.00    0.00    0.00    0.00    0.00   85.57
01:39:05 PM   10    5.05    0.00    3.03    0.00    6.06    1.01    0.00    0.00    0.00   84.85
01:39:05 PM   11    6.19    0.00    2.06    0.00    2.06    0.00    0.00    0.00    0.00   89.69

01:39:05 PM  CPU    %usr   %nice    %sys %iowait    %irq   %soft  %steal  %guest  %gnice   %idle
01:39:06 PM  all   28.77    0.00    6.72    0.00    0.94    0.68    0.00    0.00    0.00   62.89
01:39:06 PM    0   20.00    0.00    6.00    0.00    1.00    1.00    0.00    0.00    0.00   72.00
01:39:06 PM    1   29.90    0.00    6.19    0.00    1.03    1.03    0.00    0.00    0.00   61.86
01:39:06 PM    2   14.43    0.00    6.19    0.00    2.06    1.03    0.00    0.00    0.00   76.29
01:39:06 PM    3   55.45    0.00    4.95    0.00    0.99    0.99    0.00    0.00    0.00   37.62
01:39:06 PM    4   32.29    0.00    5.21    0.00    0.00    0.00    0.00    0.00    0.00   62.50
01:39:06 PM    5   37.00    0.00    9.00    0.00    1.00    0.00    0.00    0.00    0.00   53.00
01:39:06 PM    6   14.58    0.00    4.17    0.00    1.04    1.04    0.00    0.00    0.00   79.17
01:39:06 PM    7   51.52    0.00    8.08    0.00    0.00    0.00    0.00    0.00    0.00   40.40
01:39:06 PM    8   23.71    0.00    6.19    0.00    1.03    1.03    0.00    0.00    0.00   68.04
01:39:06 PM    9   23.71    0.00    9.28    0.00    1.03    1.03    0.00    0.00    0.00   64.95
01:39:06 PM   10   18.56    0.00    7.22    0.00    1.03    1.03    0.00    0.00    0.00   72.16
01:39:06 PM   11   22.45    0.00    8.16    0.00    1.02    0.00    0.00    0.00    0.00   68.37

01:39:06 PM  CPU    %usr   %nice    %sys %iowait    %irq   %soft  %steal  %guest  %gnice   %idle
01:39:07 PM  all   34.45    0.00    8.79    0.52    0.43    0.26    0.00    0.00    0.00   55.56
01:39:07 PM    0   36.84    0.00    8.42    0.00    0.00    0.00    0.00    0.00    0.00   54.74
01:39:07 PM    1   36.46    0.00   10.42    1.04    1.04    0.00    0.00    0.00    0.00   51.04
01:39:07 PM    2   17.53    0.00    6.19    2.06    1.03    1.03    0.00    0.00    0.00   72.16
01:39:07 PM    3   59.79    0.00    8.25    2.06    0.00    0.00    0.00    0.00    0.00   29.90
01:39:07 PM    4   46.46    0.00   10.10    0.00    1.01    0.00    0.00    0.00    0.00   42.42
01:39:07 PM    5   32.65    0.00    6.12    0.00    0.00    1.02    0.00    0.00    0.00   60.20
01:39:07 PM    6    3.12    0.00    3.12    0.00    0.00    0.00    0.00    0.00    0.00   93.75
01:39:07 PM    7   83.17    0.00   12.87    0.00    0.99    0.00    0.00    0.00    0.00    2.97
01:39:07 PM    8   26.32    0.00   11.58    0.00    0.00    0.00    0.00    0.00    0.00   62.11
01:39:07 PM    9   26.80    0.00    9.28    1.03    1.03    0.00    0.00    0.00    0.00   61.86
01:39:07 PM   10   15.96    0.00    9.57    0.00    0.00    0.00    0.00    0.00    0.00   74.47
01:39:07 PM   11   25.00    0.00    9.38    0.00    0.00    1.04    0.00    0.00    0.00   64.58

01:39:07 PM  CPU    %usr   %nice    %sys %iowait    %irq   %soft  %steal  %guest  %gnice   %idle
01:39:08 PM  all   28.96    0.00   12.27    0.34    0.60    0.34    0.00    0.00    0.00   57.50
01:39:08 PM    0   21.05    0.00   12.63    0.00    0.00    1.05    0.00    0.00    0.00   65.26
01:39:08 PM    1   33.67    0.00   11.22    2.04    1.02    0.00    0.00    0.00    0.00   52.04
01:39:08 PM    2   25.77    0.00    6.19    0.00    0.00    1.03    0.00    0.00    0.00   67.01
01:39:08 PM    3   39.39    0.00   20.20    2.02    1.01    0.00    0.00    0.00    0.00   37.37
01:39:08 PM    4   49.00    0.00   15.00    0.00    0.00    1.00    0.00    0.00    0.00   35.00
01:39:08 PM    5   25.25    0.00    6.06    0.00    1.01    0.00    0.00    0.00    0.00   67.68
01:39:08 PM    6   16.16    0.00   16.16    0.00    1.01    0.00    0.00    0.00    0.00   66.67
01:39:08 PM    7   54.55    0.00   18.18    0.00    0.00    0.00    0.00    0.00    0.00   27.27
01:39:08 PM    8   24.74    0.00    9.28    0.00    1.03    0.00    0.00    0.00    0.00   64.95
01:39:08 PM    9   21.65    0.00   12.37    0.00    0.00    0.00    0.00    0.00    0.00   65.98
01:39:08 PM   10   16.33    0.00   12.24    0.00    1.02    1.02    0.00    0.00    0.00   69.39
01:39:08 PM   11   18.75    0.00    7.29    0.00    1.04    0.00    0.00    0.00    0.00   72.92

01:39:08 PM  CPU    %usr   %nice    %sys %iowait    %irq   %soft  %steal  %guest  %gnice   %idle
01:39:09 PM  all   22.01    0.00    3.10    0.25    1.17    0.33    0.00    0.00    0.00   73.14
01:39:09 PM    0    7.92    0.00    2.97    0.00    0.99    0.99    0.00    0.00    0.00   87.13
01:39:09 PM    1   52.48    0.00    3.96    0.00    0.99    0.99    0.00    0.00    0.00   41.58
01:39:09 PM    2   28.28    0.00    1.01    1.01    1.01    0.00    0.00    0.00    0.00   68.69
01:39:09 PM    3   26.53    0.00    2.04    0.00    0.00    0.00    0.00    0.00    0.00   71.43
01:39:09 PM    4   10.20    0.00    7.14    1.02    0.00    0.00    0.00    0.00    0.00   81.63
01:39:09 PM    5   10.20    0.00    2.04    0.00    0.00    1.02    0.00    0.00    0.00   86.73
01:39:09 PM    6    7.00    0.00    1.00    0.00    0.00    0.00    0.00    0.00    0.00   92.00
01:39:09 PM    7   91.92    0.00    1.01    0.00    0.00    0.00    0.00    0.00    0.00    7.07
01:39:09 PM    8   10.20    0.00    2.04    0.00    1.02    0.00    0.00    0.00    0.00   86.73
01:39:09 PM    9    7.84    0.00    4.90    0.00    0.98    0.00    0.00    0.00    0.00   86.27
01:39:09 PM   10    4.95    0.00    2.97    0.99    6.93    0.99    0.00    0.00    0.00   83.17
01:39:09 PM   11    7.00    0.00    6.00    0.00    2.00    0.00    0.00    0.00    0.00   85.00

01:39:09 PM  CPU    %usr   %nice    %sys %iowait    %irq   %soft  %steal  %guest  %gnice   %idle
01:39:10 PM  all   21.34    0.00    1.51    0.00    1.34    0.42    0.00    0.00    0.00   75.40
01:39:10 PM    0    8.08    0.00    1.01    0.00    0.00    2.02    0.00    0.00    0.00   88.89
01:39:10 PM    1   15.31    0.00    1.02    0.00    1.02    0.00    0.00    0.00    0.00   82.65
01:39:10 PM    2    8.82    0.00    0.98    0.00    0.98    0.98    0.00    0.00    0.00   88.24
01:39:10 PM    3   81.00    0.00    1.00    0.00    1.00    0.00    0.00    0.00    0.00   17.00
01:39:10 PM    4   10.00    0.00    2.00    0.00    1.00    0.00    0.00    0.00    0.00   87.00
01:39:10 PM    5    7.07    0.00    2.02    0.00    0.00    0.00    0.00    0.00    0.00   90.91
01:39:10 PM    6    1.00    0.00    0.00    0.00    0.00    0.00    0.00    0.00    0.00   99.00
01:39:10 PM    7   99.00    0.00    0.00    0.00    1.00    0.00    0.00    0.00    0.00    0.00
01:39:10 PM    8    8.00    0.00    3.00    0.00    0.00    1.00    0.00    0.00    0.00   88.00
01:39:10 PM    9    8.00    0.00    2.00    0.00    0.00    1.00    0.00    0.00    0.00   89.00
01:39:10 PM   10    5.10    0.00    2.04    0.00    8.16    0.00    0.00    0.00    0.00   84.69
01:39:10 PM   11    4.04    0.00    3.03    0.00    3.03    0.00    0.00    0.00    0.00   89.90

01:39:10 PM  CPU    %usr   %nice    %sys %iowait    %irq   %soft  %steal  %guest  %gnice   %idle
01:39:11 PM  all   24.73    0.00    2.01    0.00    1.25    0.50    0.00    0.00    0.00   71.51
01:39:11 PM    0   17.35    0.00    1.02    0.00    1.02    1.02    0.00    0.00    0.00   79.59
01:39:11 PM    1   19.39    0.00    2.04    0.00    0.00    1.02    0.00    0.00    0.00   77.55
01:39:11 PM    2   21.21    0.00    2.02    0.00    1.01    1.01    0.00    0.00    0.00   74.75
01:39:11 PM    3   13.00    0.00    1.00    0.00    0.00    0.00    0.00    0.00    0.00   86.00
01:39:11 PM    4   14.14    0.00    1.01    0.00    0.00    0.00    0.00    0.00    0.00   84.85
01:39:11 PM    5   80.20    0.00    0.99    0.00    0.99    0.99    0.00    0.00    0.00   16.83
01:39:11 PM    6    5.00    0.00    1.00    0.00    0.00    0.00    0.00    0.00    0.00   94.00
01:39:11 PM    7   83.17    0.00    0.99    0.00    0.00    0.00    0.00    0.00    0.00   15.84
01:39:11 PM    8   11.00    0.00    5.00    0.00    1.00    0.00    0.00    0.00    0.00   83.00
01:39:11 PM    9   12.00    0.00    3.00    0.00    1.00    0.00    0.00    0.00    0.00   84.00
01:39:11 PM   10    9.90    0.00    2.97    0.00    6.93    0.99    0.00    0.00    0.00   79.21
01:39:11 PM   11    9.00    0.00    3.00    0.00    3.00    1.00    0.00    0.00    0.00   84.00

01:39:11 PM  CPU    %usr   %nice    %sys %iowait    %irq   %soft  %steal  %guest  %gnice   %idle
01:39:12 PM  all   20.44    0.00    1.60    0.00    0.93    0.17    0.00    0.00    0.00   76.86
01:39:12 PM    0   30.30    0.00    2.02    0.00    0.00    1.01    0.00    0.00    0.00   66.67
01:39:12 PM    1   69.00    0.00    0.00    0.00    1.00    0.00    0.00    0.00    0.00   30.00
01:39:12 PM    2   15.31    0.00    4.08    0.00    1.02    0.00    0.00    0.00    0.00   79.59
01:39:12 PM    3   31.31    0.00    1.01    0.00    0.00    0.00    0.00    0.00    0.00   67.68
01:39:12 PM    4    8.91    0.00    1.98    0.00    0.99    0.99    0.00    0.00    0.00   87.13
01:39:12 PM    5    4.08    0.00    1.02    0.00    0.00    0.00    0.00    0.00    0.00   94.90
01:39:12 PM    6   61.22    0.00    1.02    0.00    0.00    0.00    0.00    0.00    0.00   37.76
01:39:12 PM    7    1.02    0.00    0.00    0.00    0.00    0.00    0.00    0.00    0.00   98.98
01:39:12 PM    8    6.19    0.00    3.09    0.00    0.00    0.00    0.00    0.00    0.00   90.72
01:39:12 PM    9    8.91    0.00    2.97    0.00    0.00    0.00    0.00    0.00    0.00   88.12
01:39:12 PM   10    5.10    0.00    2.04    0.00    6.12    0.00    0.00    0.00    0.00   86.73
01:39:12 PM   11    3.09    0.00    0.00    0.00    2.06    0.00    0.00    0.00    0.00   94.85

01:39:12 PM  CPU    %usr   %nice    %sys %iowait    %irq   %soft  %steal  %guest  %gnice   %idle
01:39:13 PM  all   21.34    0.00    2.07    0.41    1.32    0.50    0.00    0.00    0.00   74.36
01:39:13 PM    0   12.87    0.00    0.99    0.99    0.99    0.99    0.00    0.00    0.00   83.17
01:39:13 PM    1   48.00    0.00    1.00    0.00    1.00    0.00    0.00    0.00    0.00   50.00
01:39:13 PM    2   22.00    0.00    4.00    0.00    1.00    1.00    0.00    0.00    0.00   72.00
01:39:13 PM    3   13.73    0.00    2.94    0.00    0.98    0.98    0.00    0.00    0.00   81.37
01:39:13 PM    4   26.53    0.00    2.04    0.00    0.00    0.00    0.00    0.00    0.00   71.43
01:39:13 PM    5   16.67    0.00    1.96    0.98    0.98    0.98    0.00    0.00    0.00   78.43
01:39:13 PM    6   54.46    0.00    0.00    0.99    0.99    0.00    0.00    0.00    0.00   43.56
01:39:13 PM    7   32.04    0.00    0.97    0.97    0.97    0.97    0.00    0.00    0.00   64.08
01:39:13 PM    8    9.90    0.00    2.97    0.99    0.99    0.00    0.00    0.00    0.00   85.15
01:39:13 PM    9    7.07    0.00    3.03    0.00    1.01    0.00    0.00    0.00    0.00   88.89
01:39:13 PM   10    5.94    0.00    1.98    0.00    4.95    0.99    0.00    0.00    0.00   86.14
01:39:13 PM   11    6.93    0.00    2.97    0.00    1.98    0.00    0.00    0.00    0.00   88.12

01:39:13 PM  CPU    %usr   %nice    %sys %iowait    %irq   %soft  %steal  %guest  %gnice   %idle
01:39:14 PM  all   20.72    0.00    1.68    0.00    0.08    0.34    0.00    0.00    0.00   77.17
01:39:14 PM    0    9.28    0.00    1.03    0.00    0.00    1.03    0.00    0.00    0.00   88.66
01:39:14 PM    1   28.28    0.00    2.02    0.00    0.00    1.01    0.00    0.00    0.00   68.69
01:39:14 PM    2   18.00    0.00    3.00    0.00    1.00    1.00    0.00    0.00    0.00   77.00
01:39:14 PM    3   34.34    0.00    2.02    0.00    0.00    0.00    0.00    0.00    0.00   63.64
01:39:14 PM    4   44.00    0.00    1.00    0.00    0.00    0.00    0.00    0.00    0.00   55.00
01:39:14 PM    5   22.00    0.00    1.00    0.00    0.00    0.00    0.00    0.00    0.00   77.00
01:39:14 PM    6   44.44    0.00    2.02    0.00    0.00    0.00    0.00    0.00    0.00   53.54
01:39:14 PM    7   22.00    0.00    1.00    0.00    0.00    0.00    0.00    0.00    0.00   77.00
01:39:14 PM    8    9.09    0.00    2.02    0.00    0.00    1.01    0.00    0.00    0.00   87.88
01:39:14 PM    9    5.15    0.00    1.03    0.00    0.00    0.00    0.00    0.00    0.00   93.81
01:39:14 PM   10    3.06    0.00    2.04    0.00    0.00    0.00    0.00    0.00    0.00   94.90
01:39:14 PM   11    8.08    0.00    2.02    0.00    0.00    0.00    0.00    0.00    0.00   89.90

01:39:14 PM  CPU    %usr   %nice    %sys %iowait    %irq   %soft  %steal  %guest  %gnice   %idle
01:39:15 PM  all   19.73    0.00    1.08    0.25    0.58    0.25    0.00    0.00    0.00   78.10
01:39:15 PM    0    5.05    0.00    1.01    1.01    0.00    2.02    0.00    0.00    0.00   90.91
01:39:15 PM    1    4.04    0.00    1.01    0.00    1.01    0.00    0.00    0.00    0.00   93.94
01:39:15 PM    2   41.58    0.00    0.99    0.00    0.99    0.00    0.00    0.00    0.00   56.44
01:39:15 PM    3   57.00    0.00    0.00    0.00    0.00    0.00    0.00    0.00    0.00   43.00
01:39:15 PM    4    7.92    0.00    1.98    0.99    0.99    0.00    0.00    0.00    0.00   88.12
01:39:15 PM    5    4.00    0.00    0.00    0.00    1.00    0.00    0.00    0.00    0.00   95.00
01:39:15 PM    6   99.00    0.00    0.00    0.00    0.00    0.00    0.00    0.00    0.00    1.00
01:39:15 PM    7    0.00    0.00    0.00    0.00    0.00    0.00    0.00    0.00    0.00  100.00
01:39:15 PM    8    5.00    0.00    3.00    0.00    1.00    0.00    0.00    0.00    0.00   91.00
01:39:15 PM    9    4.95    0.00    1.98    0.99    0.99    0.00    0.00    0.00    0.00   91.09
01:39:15 PM   10    3.92    0.00    1.96    0.00    0.98    0.98    0.00    0.00    0.00   92.16
01:39:15 PM   11    4.04    0.00    1.01    0.00    0.00    0.00    0.00    0.00    0.00   94.95

01:39:15 PM  CPU    %usr   %nice    %sys %iowait    %irq   %soft  %steal  %guest  %gnice   %idle
01:39:16 PM  all   19.78    0.00    1.17    0.00    0.33    0.42    0.00    0.00    0.00   78.30
01:39:16 PM    0   16.67    0.00    0.98    0.00    0.98    1.96    0.00    0.00    0.00   79.41
01:39:16 PM    1   15.15    0.00    1.01    0.00    0.00    0.00    0.00    0.00    0.00   83.84
01:39:16 PM    2   10.10    0.00    1.01    0.00    1.01    1.01    0.00    0.00    0.00   86.87
01:39:16 PM    3    6.93    0.00    1.98    0.00    0.99    0.00    0.00    0.00    0.00   90.10
01:39:16 PM    4   66.67    0.00    1.01    0.00    0.00    0.00    0.00    0.00    0.00   32.32
01:39:16 PM    5    0.99    0.00    0.99    0.00    0.00    0.99    0.00    0.00    0.00   97.03
01:39:16 PM    6   10.00    0.00    1.00    0.00    0.00    0.00    0.00    0.00    0.00   89.00
01:39:16 PM    7   91.00    0.00    0.00    0.00    0.00    0.00    0.00    0.00    0.00    9.00
01:39:16 PM    8    7.07    0.00    2.02    0.00    0.00    0.00    0.00    0.00    0.00   90.91
01:39:16 PM    9    4.04    0.00    2.02    0.00    0.00    1.01    0.00    0.00    0.00   92.93
01:39:16 PM   10    4.04    0.00    2.02    0.00    0.00    0.00    0.00    0.00    0.00   93.94
01:39:16 PM   11    5.00    0.00    0.00    0.00    1.00    0.00    0.00    0.00    0.00   94.00

01:39:16 PM  CPU    %usr   %nice    %sys %iowait    %irq   %soft  %steal  %guest  %gnice   %idle
01:39:17 PM  all   23.17    0.00    2.10    0.08    0.50    0.25    0.00    0.00    0.00   73.89
01:39:17 PM    0   17.35    0.00    1.02    0.00    0.00    1.02    0.00    0.00    0.00   80.61
01:39:17 PM    1   39.00    0.00    3.00    0.00    1.00    1.00    0.00    0.00    0.00   56.00
01:39:17 PM    2    9.18    0.00    2.04    0.00    1.02    0.00    0.00    0.00    0.00   87.76
01:39:17 PM    3   45.45    0.00    3.03    0.00    0.00    0.00    0.00    0.00    0.00   51.52
01:39:17 PM    4   22.00    0.00    4.00    0.00    1.00    0.00    0.00    0.00    0.00   73.00
01:39:17 PM    5   12.24    0.00    0.00    0.00    0.00    0.00    0.00    0.00    0.00   87.76
01:39:17 PM    6    5.05    0.00    0.00    0.00    0.00    0.00    0.00    0.00    0.00   94.95
01:39:17 PM    7   90.00    0.00    3.00    0.00    0.00    0.00    0.00    0.00    0.00    7.00
01:39:17 PM    8   10.00    0.00    3.00    0.00    1.00    0.00    0.00    0.00    0.00   86.00
01:39:17 PM    9    9.00    0.00    2.00    1.00    1.00    0.00    0.00    0.00    0.00   87.00
01:39:17 PM   10    9.00    0.00    2.00    0.00    1.00    1.00    0.00    0.00    0.00   87.00
01:39:17 PM   11    9.09    0.00    2.02    0.00    0.00    0.00    0.00    0.00    0.00   88.89

01:39:17 PM  CPU    %usr   %nice    %sys %iowait    %irq   %soft  %steal  %guest  %gnice   %idle
01:39:18 PM  all   19.83    0.00    0.83    0.00    0.42    0.33    0.00    0.00    0.00   78.58
01:39:18 PM    0   17.82    0.00    0.00    0.00    0.99    1.98    0.00    0.00    0.00   79.21
01:39:18 PM    1   30.30    0.00    0.00    0.00    0.00    0.00    0.00    0.00    0.00   69.70
01:39:18 PM    2   17.00    0.00    0.00    0.00    1.00    1.00    0.00    0.00    0.00   81.00
01:39:18 PM    3   39.39    0.00    0.00    0.00    0.00    0.00    0.00    0.00    0.00   60.61
01:39:18 PM    4    8.08    0.00    1.01    0.00    0.00    0.00    0.00    0.00    0.00   90.91
01:39:18 PM    5    7.84    0.00    1.96    0.00    0.98    0.98    0.00    0.00    0.00   88.24
01:39:18 PM    6    0.00    0.00    0.00    0.00    1.00    0.00    0.00    0.00    0.00   99.00
01:39:18 PM    7   99.01    0.00    0.00    0.00    0.99    0.00    0.00    0.00    0.00    0.00
01:39:18 PM    8    6.00    0.00    2.00    0.00    0.00    0.00    0.00    0.00    0.00   92.00
01:39:18 PM    9    4.04    0.00    2.02    0.00    0.00    0.00    0.00    0.00    0.00   93.94
01:39:18 PM   10    4.00    0.00    2.00    0.00    0.00    0.00    0.00    0.00    0.00   94.00
01:39:18 PM   11    4.00    0.00    1.00    0.00    0.00    0.00    0.00    0.00    0.00   95.00

01:39:18 PM  CPU    %usr   %nice    %sys %iowait    %irq   %soft  %steal  %guest  %gnice   %idle
01:39:19 PM  all   21.99    0.00    1.00    0.00    0.50    0.25    0.00    0.00    0.00   76.25
01:39:19 PM    0    7.14    0.00    1.02    0.00    0.00    1.02    0.00    0.00    0.00   90.82
01:39:19 PM    1   12.12    0.00    1.01    0.00    1.01    0.00    0.00    0.00    0.00   85.86
01:39:19 PM    2   52.53    0.00    2.02    0.00    0.00    0.00    0.00    0.00    0.00   45.45
01:39:19 PM    3   44.00    0.00    1.00    0.00    0.00    0.00    0.00    0.00    0.00   55.00
01:39:19 PM    4    8.82    0.00    1.96    0.00    0.98    0.00    0.00    0.00    0.00   88.24
01:39:19 PM    5    7.14    0.00    0.00    0.00    0.00    0.00    0.00    0.00    0.00   92.86
01:39:19 PM    6   27.45    0.00    0.00    0.00    0.00    0.98    0.00    0.00    0.00   71.57
01:39:19 PM    7   76.77    0.00    0.00    0.00    0.00    0.00    0.00    0.00    0.00   23.23
01:39:19 PM    8    8.00    0.00    1.00    0.00    1.00    0.00    0.00    0.00    0.00   90.00
01:39:19 PM    9    7.00    0.00    2.00    0.00    1.00    0.00    0.00    0.00    0.00   90.00
01:39:19 PM   10    7.07    0.00    1.01    0.00    1.01    0.00    0.00    0.00    0.00   90.91
01:39:19 PM   11    6.00    0.00    1.00    0.00    1.00    1.00    0.00    0.00    0.00   91.00

01:39:19 PM  CPU    %usr   %nice    %sys %iowait    %irq   %soft  %steal  %guest  %gnice   %idle
01:39:20 PM  all   20.73    0.00    1.25    0.00    0.25    0.42    0.00    0.00    0.00   77.35
01:39:20 PM    0   18.00    0.00    1.00    0.00    0.00    2.00    0.00    0.00    0.00   79.00
01:39:20 PM    1   30.39    0.00    1.96    0.00    0.98    0.98    0.00    0.00    0.00   65.69
01:39:20 PM    2    7.84    0.00    0.98    0.00    0.98    0.98    0.00    0.00    0.00   89.22
01:39:20 PM    3   59.41    0.00    0.99    0.00    0.99    0.00    0.00    0.00    0.00   38.61
01:39:20 PM    4    4.00    0.00    1.00    0.00    0.00    0.00    0.00    0.00    0.00   95.00
01:39:20 PM    5   84.00    0.00    1.00    0.00    0.00    0.00    0.00    0.00    0.00   15.00
01:39:20 PM    6   19.19    0.00    3.03    0.00    0.00    0.00    0.00    0.00    0.00   77.78
01:39:20 PM    7    0.00    0.00    0.00    0.00    0.00    0.00    0.00    0.00    0.00  100.00
01:39:20 PM    8    8.25    0.00    1.03    0.00    0.00    0.00    0.00    0.00    0.00   90.72
01:39:20 PM    9    5.00    0.00    2.00    0.00    0.00    0.00    0.00    0.00    0.00   93.00
01:39:20 PM   10    5.00    0.00    1.00    0.00    0.00    1.00    0.00    0.00    0.00   93.00
01:39:20 PM   11    7.00    0.00    1.00    0.00    0.00    0.00    0.00    0.00    0.00   92.00

01:39:20 PM  CPU    %usr   %nice    %sys %iowait    %irq   %soft  %steal  %guest  %gnice   %idle
01:39:21 PM  all   19.66    0.00    0.76    0.08    0.34    0.25    0.00    0.00    0.00   78.91
01:39:21 PM    0    7.07    0.00    1.01    0.00    1.01    1.01    0.00    0.00    0.00   89.90
01:39:21 PM    1   19.39    0.00    0.00    0.00    0.00    0.00    0.00    0.00    0.00   80.61
01:39:21 PM    2   55.10    0.00    0.00    0.00    1.02    0.00    0.00    0.00    0.00   43.88
01:39:21 PM    3   25.25    0.00    0.00    0.00    0.00    0.00    0.00    0.00    0.00   74.75
01:39:21 PM    4   15.00    0.00    2.00    0.00    0.00    1.00    0.00    0.00    0.00   82.00
01:39:21 PM    5    0.00    0.00    0.00    0.00    1.00    0.00    0.00    0.00    0.00   99.00
01:39:21 PM    6   92.16    0.00    0.00    0.00    0.98    0.00    0.00    0.00    0.00    6.86
01:39:21 PM    7    0.00    0.00    0.00    0.00    0.00    0.00    0.00    0.00    0.00  100.00
01:39:21 PM    8    8.00    0.00    2.00    0.00    0.00    1.00    0.00    0.00    0.00   89.00
01:39:21 PM    9    5.10    0.00    1.02    0.00    0.00    0.00    0.00    0.00    0.00   93.88
01:39:21 PM   10    4.08    0.00    1.02    1.02    0.00    0.00    0.00    0.00    0.00   93.88
01:39:21 PM   11    3.03    0.00    2.02    0.00    0.00    0.00    0.00    0.00    0.00   94.95

01:39:21 PM  CPU    %usr   %nice    %sys %iowait    %irq   %soft  %steal  %guest  %gnice   %idle
01:39:22 PM  all   20.23    0.00    1.17    0.00    0.42    0.50    0.00    0.00    0.00   77.68
01:39:22 PM    0   19.00    0.00    1.00    0.00    0.00    2.00    0.00    0.00    0.00   78.00
01:39:22 PM    1   29.29    0.00    0.00    0.00    0.00    1.01    0.00    0.00    0.00   69.70
01:39:22 PM    2    5.00    0.00    2.00    0.00    1.00    1.00    0.00    0.00    0.00   91.00
01:39:22 PM    3    5.05    0.00    2.02    0.00    0.00    0.00    0.00    0.00    0.00   92.93
01:39:22 PM    4   53.54    0.00    0.00    0.00    0.00    0.00    0.00    0.00    0.00   46.46
01:39:22 PM    5   37.00    0.00    0.00    0.00    0.00    1.00    0.00    0.00    0.00   62.00
01:39:22 PM    6   68.37    0.00    1.02    0.00    0.00    0.00    0.00    0.00    0.00   30.61
01:39:22 PM    7    1.98    0.00    0.00    0.00    0.00    0.00    0.00    0.00    0.00   98.02
01:39:22 PM    8    7.00    0.00    3.00    0.00    1.00    0.00    0.00    0.00    0.00   89.00
01:39:22 PM    9    8.08    0.00    2.02    0.00    1.01    0.00    0.00    0.00    0.00   88.89
01:39:22 PM   10    5.94    0.00    1.98    0.00    0.99    0.99    0.00    0.00    0.00   90.10
01:39:22 PM   11    4.00    0.00    1.00    0.00    1.00    0.00    0.00    0.00    0.00   94.00

01:39:22 PM  CPU    %usr   %nice    %sys %iowait    %irq   %soft  %steal  %guest  %gnice   %idle
01:39:23 PM  all   20.68    0.00    1.17    0.00    0.33    0.25    0.00    0.00    0.00   77.56
01:39:23 PM    0   14.00    0.00    1.00    0.00    1.00    1.00    0.00    0.00    0.00   83.00
01:39:23 PM    1   28.43    0.00    0.98    0.00    0.98    0.00    0.00    0.00    0.00   69.61
01:39:23 PM    2    7.07    0.00    1.01    0.00    1.01    1.01    0.00    0.00    0.00   89.90
01:39:23 PM    3   33.66    0.00    1.98    0.00    0.00    0.00    0.00    0.00    0.00   64.36
01:39:23 PM    4   34.65    0.00    1.98    0.00    0.99    0.00    0.00    0.00    0.00   62.38
01:39:23 PM    5    1.98    0.00    0.99    0.00    0.00    0.00    0.00    0.00    0.00   97.03
01:39:23 PM    6   70.00    0.00    1.00    0.00    0.00    0.00    0.00    0.00    0.00   29.00
01:39:23 PM    7   27.27    0.00    0.00    0.00    0.00    0.00    0.00    0.00    0.00   72.73
01:39:23 PM    8   11.11    0.00    1.01    0.00    0.00    0.00    0.00    0.00    0.00   87.88
01:39:23 PM    9    7.92    0.00    1.98    0.00    0.00    0.99    0.00    0.00    0.00   89.11
01:39:23 PM   10    6.06    0.00    1.01    0.00    0.00    0.00    0.00    0.00    0.00   92.93
01:39:23 PM   11    5.15    0.00    1.03    0.00    0.00    0.00    0.00    0.00    0.00   93.81

01:39:23 PM  CPU    %usr   %nice    %sys %iowait    %irq   %soft  %steal  %guest  %gnice   %idle
01:39:24 PM  all   19.45    0.00    0.59    0.00    0.75    0.17    0.00    0.00    0.00   79.04
01:39:24 PM    0    3.06    0.00    0.00    0.00    0.00    2.04    0.00    0.00    0.00   94.90
01:39:24 PM    1    9.18    0.00    0.00    0.00    1.02    0.00    0.00    0.00    0.00   89.80
01:39:24 PM    2    5.05    0.00    0.00    0.00    1.01    0.00    0.00    0.00    0.00   93.94
01:39:24 PM    3   65.66    0.00    0.00    0.00    1.01    0.00    0.00    0.00    0.00   33.33
01:39:24 PM    4   33.67    0.00    0.00    0.00    0.00    0.00    0.00    0.00    0.00   66.33
01:39:24 PM    5   36.36    0.00    0.00    0.00    0.00    0.00    0.00    0.00    0.00   63.64
01:39:24 PM    6   67.00    0.00    0.00    0.00    1.00    0.00    0.00    0.00    0.00   32.00
01:39:24 PM    7    0.98    0.00    0.98    0.00    0.98    0.00    0.00    0.00    0.00   97.06
01:39:24 PM    8    5.05    0.00    2.02    0.00    1.01    0.00    0.00    0.00    0.00   91.92
01:39:24 PM    9    3.00    0.00    2.00    0.00    1.00    0.00    0.00    0.00    0.00   94.00
01:39:24 PM   10    2.00    0.00    1.00    0.00    1.00    0.00    0.00    0.00    0.00   96.00
01:39:24 PM   11    2.97    0.00    0.99    0.00    0.99    0.00    0.00    0.00    0.00   95.05

01:39:24 PM  CPU    %usr   %nice    %sys %iowait    %irq   %soft  %steal  %guest  %gnice   %idle
01:39:25 PM  all   20.69    0.00    1.17    0.08    0.34    0.42    0.00    0.00    0.00   77.30
01:39:25 PM    0    7.00    0.00    1.00    0.00    1.00    2.00    0.00    0.00    0.00   89.00
01:39:25 PM    1   35.64    0.00    0.99    0.00    0.00    0.99    0.00    0.00    0.00   62.38
01:39:25 PM    2    2.97    0.00    0.99    0.00    0.99    0.99    0.00    0.00    0.00   94.06
01:39:25 PM    3   68.00    0.00    1.00    0.00    0.00    0.00    0.00    0.00    0.00   31.00
01:39:25 PM    4   14.00    0.00    0.00    0.00    0.00    0.00    0.00    0.00    0.00   86.00
01:39:25 PM    5   85.00    0.00    1.00    0.00    1.00    0.00    0.00    0.00    0.00   13.00
01:39:25 PM    6   10.10    0.00    4.04    0.00    0.00    0.00    0.00    0.00    0.00   85.86
01:39:25 PM    7    7.07    0.00    0.00    0.00    0.00    0.00    0.00    0.00    0.00   92.93
01:39:25 PM    8    7.00    0.00    2.00    1.00    1.00    0.00    0.00    0.00    0.00   89.00
01:39:25 PM    9    3.09    0.00    1.03    0.00    0.00    0.00    0.00    0.00    0.00   95.88
01:39:25 PM   10    4.08    0.00    1.02    0.00    0.00    1.02    0.00    0.00    0.00   93.88
01:39:25 PM   11    3.03    0.00    1.01    0.00    0.00    0.00    0.00    0.00    0.00   95.96

01:39:25 PM  CPU    %usr   %nice    %sys %iowait    %irq   %soft  %steal  %guest  %gnice   %idle
01:39:26 PM  all   16.96    0.00   32.49    2.70    0.59    0.34    0.00    0.00    0.00   46.92
01:39:26 PM    0    6.12    0.00   33.67    2.04    0.00    1.02    0.00    0.00    0.00   57.14
01:39:26 PM    1   10.10    0.00   36.36    4.04    1.01    0.00    0.00    0.00    0.00   48.48
01:39:26 PM    2    4.04    0.00   33.33    3.03    1.01    1.01    0.00    0.00    0.00   57.58
01:39:26 PM    3   51.52    0.00   35.35    6.06    1.01    0.00    0.00    0.00    0.00    6.06
01:39:26 PM    4    8.08    0.00   24.24    2.02    1.01    0.00    0.00    0.00    0.00   64.65
01:39:26 PM    5   58.59    0.00   37.37    3.03    0.00    1.01    0.00    0.00    0.00    0.00
01:39:26 PM    6   10.20    0.00   33.67    4.08    1.02    1.02    0.00    0.00    0.00   50.00
01:39:26 PM    7    8.16    0.00   31.63    1.02    0.00    0.00    0.00    0.00    0.00   59.18
01:39:26 PM    8   10.31    0.00   32.99    1.03    0.00    0.00    0.00    0.00    0.00   55.67
01:39:26 PM    9   20.00    0.00   23.00    3.00    1.00    0.00    0.00    0.00    0.00   53.00
01:39:26 PM   10    5.00    0.00   37.00    2.00    1.00    0.00    0.00    0.00    0.00   55.00
01:39:26 PM   11   11.11    0.00   31.31    1.01    0.00    0.00    0.00    0.00    0.00   56.57

01:39:26 PM  CPU    %usr   %nice    %sys %iowait    %irq   %soft  %steal  %guest  %gnice   %idle
01:39:27 PM  all   34.69    0.00    9.49    0.00    0.69    0.26    0.00    0.00    0.00   54.87
01:39:27 PM    0   38.95    0.00    9.47    0.00    1.05    0.00    0.00    0.00    0.00   50.53
01:39:27 PM    1   22.92    0.00    6.25    0.00    1.04    0.00    0.00    0.00    0.00   69.79
01:39:27 PM    2   13.68    0.00    8.42    0.00    0.00    0.00    0.00    0.00    0.00   77.89
01:39:27 PM    3   64.65    0.00   14.14    0.00    1.01    0.00    0.00    0.00    0.00   20.20
01:39:27 PM    4   62.63    0.00   14.14    0.00    0.00    0.00    0.00    0.00    0.00   23.23
01:39:27 PM    5   14.58    0.00    8.33    0.00    1.04    0.00    0.00    0.00    0.00   76.04
01:39:27 PM    6    4.17    0.00    6.25    0.00    1.04    0.00    0.00    0.00    0.00   88.54
01:39:27 PM    7   93.00    0.00    5.00    0.00    1.00    0.00    0.00    0.00    0.00    1.00
01:39:27 PM    8   23.71    0.00   11.34    0.00    1.03    1.03    0.00    0.00    0.00   62.89
01:39:27 PM    9   24.73    0.00   10.75    0.00    0.00    0.00    0.00    0.00    0.00   64.52
01:39:27 PM   10   25.00    0.00    9.38    0.00    0.00    1.04    0.00    0.00    0.00   64.58
01:39:27 PM   11   23.71    0.00   10.31    0.00    1.03    1.03    0.00    0.00    0.00   63.92

01:39:27 PM  CPU    %usr   %nice    %sys %iowait    %irq   %soft  %steal  %guest  %gnice   %idle
01:39:28 PM  all   34.19    0.00   14.90    0.43    0.52    0.34    0.00    0.00    0.00   49.61
01:39:28 PM    0   32.00    0.00   15.00    1.00    1.00    1.00    0.00    0.00    0.00   50.00
01:39:28 PM    1   19.79    0.00   15.62    0.00    0.00    0.00    0.00    0.00    0.00   64.58
01:39:28 PM    2   34.38    0.00   16.67    1.04    1.04    1.04    0.00    0.00    0.00   45.83
01:39:28 PM    3   50.00    0.00   13.27    0.00    0.00    0.00    0.00    0.00    0.00   36.73
01:39:28 PM    4   12.50    0.00   11.46    0.00    1.04    0.00    0.00    0.00    0.00   75.00
01:39:28 PM    5   63.00    0.00   18.00    0.00    0.00    1.00    0.00    0.00    0.00   18.00
01:39:28 PM    6    8.42    0.00   11.58    1.05    0.00    0.00    0.00    0.00    0.00   78.95
01:39:28 PM    7   77.55    0.00   15.31    2.04    0.00    0.00    0.00    0.00    0.00    5.10
01:39:28 PM    8   27.66    0.00   19.15    0.00    0.00    0.00    0.00    0.00    0.00   53.19
01:39:28 PM    9   29.90    0.00   13.40    0.00    1.03    0.00    0.00    0.00    0.00   55.67
01:39:28 PM   10   23.16    0.00   16.84    0.00    1.05    1.05    0.00    0.00    0.00   57.89
01:39:28 PM   11   29.17    0.00   12.50    0.00    1.04    0.00    0.00    0.00    0.00   57.29

01:39:28 PM  CPU    %usr   %nice    %sys %iowait    %irq   %soft  %steal  %guest  %gnice   %idle
01:39:29 PM  all   38.45    0.00    8.33    0.09    0.77    0.26    0.00    0.00    0.00   52.10
01:39:29 PM    0   34.04    0.00    8.51    0.00    0.00    0.00    0.00    0.00    0.00   57.45
01:39:29 PM    1   35.71    0.00    8.16    0.00    1.02    0.00    0.00    0.00    0.00   55.10
01:39:29 PM    2   20.62    0.00    5.15    0.00    1.03    1.03    0.00    0.00    0.00   72.16
01:39:29 PM    3   69.70    0.00    5.05    0.00    1.01    1.01    0.00    0.00    0.00   23.23
01:39:29 PM    4   14.58    0.00    6.25    1.04    0.00    0.00    0.00    0.00    0.00   78.12
01:39:29 PM    5   62.89    0.00    9.28    0.00    1.03    0.00    0.00    0.00    0.00   26.80
01:39:29 PM    6    2.06    0.00    5.15    0.00    1.03    0.00    0.00    0.00    0.00   91.75
01:39:29 PM    7   81.00    0.00   17.00    0.00    1.00    0.00    0.00    0.00    0.00    1.00
01:39:29 PM    8   35.05    0.00    8.25    0.00    1.03    0.00    0.00    0.00    0.00   55.67
01:39:29 PM    9   39.58    0.00    5.21    0.00    1.04    1.04    0.00    0.00    0.00   53.12
01:39:29 PM   10   28.57    0.00   13.27    0.00    1.02    0.00    0.00    0.00    0.00   57.14
01:39:29 PM   11   35.42    0.00    8.33    0.00    0.00    0.00    0.00    0.00    0.00   56.25

01:39:29 PM  CPU    %usr   %nice    %sys %iowait    %irq   %soft  %steal  %guest  %gnice   %idle
01:39:30 PM  all   19.83    0.00    8.60    0.77    1.70    0.68    0.00    0.00    0.00   68.43
01:39:30 PM    0   18.37    0.00    7.14    0.00    1.02    1.02    0.00    0.00    0.00   72.45
01:39:30 PM    1   20.41    0.00    6.12    1.02    2.04    1.02    0.00    0.00    0.00   69.39
01:39:30 PM    2   15.31    0.00    7.14    1.02    2.04    1.02    0.00    0.00    0.00   73.47
01:39:30 PM    3   26.80    0.00   11.34    1.03    0.00    0.00    0.00    0.00    0.00   60.82
01:39:30 PM    4   18.37    0.00    9.18    0.00    1.02    1.02    0.00    0.00    0.00   70.41
01:39:30 PM    5   21.21    0.00    6.06    1.01    0.00    1.01    0.00    0.00    0.00   70.71
01:39:30 PM    6   20.41    0.00    8.16    2.04    0.00    1.02    0.00    0.00    0.00   68.37
01:39:30 PM    7   25.74    0.00   10.89    0.00    0.00    0.99    0.00    0.00    0.00   62.38
01:39:30 PM    8   17.53    0.00   12.37    0.00    1.03    0.00    0.00    0.00    0.00   69.07
01:39:30 PM    9   19.79    0.00    9.38    1.04    1.04    0.00    0.00    0.00    0.00   68.75
01:39:30 PM   10   16.33    0.00    8.16    1.02    8.16    1.02    0.00    0.00    0.00   65.31
01:39:30 PM   11   17.53    0.00    7.22    1.03    4.12    0.00    0.00    0.00    0.00   70.10

01:39:30 PM  CPU    %usr   %nice    %sys %iowait    %irq   %soft  %steal  %guest  %gnice   %idle
01:39:31 PM  all   16.57    0.00    6.14    0.25    2.19    0.93    0.00    0.00    0.00   73.93
01:39:31 PM    0   14.14    0.00    5.05    1.01    1.01    2.02    0.00    0.00    0.00   76.77
01:39:31 PM    1   16.16    0.00    9.09    0.00    2.02    1.01    0.00    0.00    0.00   71.72
01:39:31 PM    2   14.14    0.00    6.06    0.00    3.03    2.02    0.00    0.00    0.00   74.75
01:39:31 PM    3   22.22    0.00    6.06    0.00    1.01    0.00    0.00    0.00    0.00   70.71
01:39:31 PM    4   18.18    0.00    5.05    1.01    1.01    0.00    0.00    0.00    0.00   74.75
01:39:31 PM    5   27.27    0.00    3.03    0.00    1.01    1.01    0.00    0.00    0.00   67.68
01:39:31 PM    6   19.39    0.00    5.10    0.00    1.02    0.00    0.00    0.00    0.00   74.49
01:39:31 PM    7   17.17    0.00    4.04    0.00    1.01    1.01    0.00    0.00    0.00   76.77
01:39:31 PM    8   13.86    0.00    8.91    0.99    0.99    0.99    0.00    0.00    0.00   74.26
01:39:31 PM    9   13.27    0.00    7.14    0.00    1.02    0.00    0.00    0.00    0.00   78.57
01:39:31 PM   10   10.20    0.00    6.12    0.00    9.18    2.04    0.00    0.00    0.00   72.45
01:39:31 PM   11   12.87    0.00    7.92    0.00    3.96    0.99    0.00    0.00    0.00   74.26

01:39:31 PM  CPU    %usr   %nice    %sys %iowait    %irq   %soft  %steal  %guest  %gnice   %idle
01:39:32 PM  all   19.56    0.00    4.22    0.00    1.94    0.84    0.00    0.00    0.00   73.44
01:39:32 PM    0   16.33    0.00    4.08    0.00    1.02    1.02    0.00    0.00    0.00   77.55
01:39:32 PM    1   17.35    0.00    4.08    0.00    1.02    1.02    0.00    0.00    0.00   76.53
01:39:32 PM    2   20.20    0.00    3.03    0.00    2.02    2.02    0.00    0.00    0.00   72.73
01:39:32 PM    3   27.72    0.00    2.97    0.00    0.99    0.99    0.00    0.00    0.00   67.33
01:39:32 PM    4   17.00    0.00    4.00    0.00    1.00    1.00    0.00    0.00    0.00   77.00
01:39:32 PM    5   25.74    0.00    4.95    0.00    0.99    0.99    0.00    0.00    0.00   67.33
01:39:32 PM    6   22.22    0.00    5.05    0.00    1.01    1.01    0.00    0.00    0.00   70.71
01:39:32 PM    7   28.28    0.00    2.02    0.00    1.01    0.00    0.00    0.00    0.00   68.69
01:39:32 PM    8   15.46    0.00    6.19    0.00    1.03    0.00    0.00    0.00    0.00   77.32
01:39:32 PM    9   15.31    0.00    4.08    0.00    1.02    1.02    0.00    0.00    0.00   78.57
01:39:32 PM   10   14.14    0.00    5.05    0.00    8.08    1.01    0.00    0.00    0.00   71.72
01:39:32 PM   11   14.43    0.00    5.15    0.00    4.12    0.00    0.00    0.00    0.00   76.29

01:39:32 PM  CPU    %usr   %nice    %sys %iowait    %irq   %soft  %steal  %guest  %gnice   %idle
01:39:33 PM  all   19.71    0.00    3.81    0.00    2.20    0.68    0.00    0.00    0.00   73.60
01:39:33 PM    0   14.29    0.00    3.06    0.00    1.02    2.04    0.00    0.00    0.00   79.59
01:39:33 PM    1   17.35    0.00    3.06    0.00    2.04    1.02    0.00    0.00    0.00   76.53
01:39:33 PM    2   14.58    0.00    3.12    0.00    2.08    1.04    0.00    0.00    0.00   79.17
01:39:33 PM    3   23.23    0.00    3.03    0.00    1.01    0.00    0.00    0.00    0.00   72.73
01:39:33 PM    4   25.51    0.00    3.06    0.00    0.00    0.00    0.00    0.00    0.00   71.43
01:39:33 PM    5   26.53    0.00    3.06    0.00    1.02    1.02    0.00    0.00    0.00   68.37
01:39:33 PM    6   20.62    0.00    4.12    0.00    1.03    0.00    0.00    0.00    0.00   74.23
01:39:33 PM    7   29.29    0.00    1.01    0.00    0.00    1.01    0.00    0.00    0.00   68.69
01:39:33 PM    8   19.00    0.00    6.00    0.00    1.00    1.00    0.00    0.00    0.00   73.00
01:39:33 PM    9   17.82    0.00    5.94    0.00    0.99    0.00    0.00    0.00    0.00   75.25
01:39:33 PM   10   15.00    0.00    3.00    0.00   12.00    1.00    0.00    0.00    0.00   69.00
01:39:33 PM   11   13.27    0.00    7.14    0.00    4.08    0.00    0.00    0.00    0.00   75.51

Average:     CPU    %usr   %nice    %sys %iowait    %irq   %soft  %steal  %guest  %gnice   %idle
Average:     all   22.73    0.00    4.89    0.22    0.85    0.41    0.00    0.00    0.00   70.90
Average:       0   16.38    0.00    4.55    0.21    0.56    1.29    0.00    0.00    0.00   77.01
Average:       1   26.45    0.00    4.82    0.28    0.87    0.42    0.00    0.00    0.00   67.17
Average:       2   18.32    0.00    4.44    0.28    1.15    0.84    0.00    0.00    0.00   74.97
Average:       3   39.81    0.00    5.10    0.38    0.45    0.14    0.00    0.00    0.00   54.11
Average:       4   24.19    0.00    4.87    0.21    0.45    0.17    0.00    0.00    0.00   70.10
Average:       5   28.44    0.00    4.37    0.17    0.45    0.49    0.00    0.00    0.00   66.08
Average:       6   27.95    0.00    4.15    0.28    0.42    0.17    0.00    0.00    0.00   67.03
Average:       7   44.24    0.00    4.63    0.14    0.31    0.14    0.00    0.00    0.00   50.54
Average:       8   13.16    0.00    6.06    0.18    0.63    0.25    0.00    0.00    0.00   79.73
Average:       9   12.76    0.00    5.17    0.24    0.59    0.21    0.00    0.00    0.00   81.01
Average:      10    9.67    0.00    5.51    0.17    3.00    0.63    0.00    0.00    0.00   81.01
Average:      11   10.99    0.00    5.00    0.07    1.33    0.17    0.00    0.00    0.00   82.44
